2320 Chr1 Chr1_1430179 0 1430179 4 3
7183 Chr1 Chr1_4266002 0 4266002 12 11
52175 Chr2 Chr2_155225 0 155225 10 9
57068 Chr2 Chr2_2990590 0 2990590 2 1
62384 Chr2 Chr2_6949821 0 6949821 63 62
77100 Chr2 Chr2_17434080 0 17434080 78 77
96655 Chr3 Chr3_9028198 0 9028198 28 27
107838 Chr3 Chr3_14993958 0 14993958 19 18
125676 Chr4 Chr4_783577 0 783577 17 16
141714 Chr4 Chr4_8380917 0 8380917 67 66
156789 Chr4 Chr4_16076083 0 16076083 145 144
164947 Chr5 Chr5_2232651 0 2232651 7 6 
186781 Chr5 Chr5_13945171 0 13945171 21 20
191171 Chr5 Chr5_15982859 0 15982859 120 119
198309 Chr5 Chr5_18567388 0 18567388 86 85
201633 Chr5 Chr5_20112353 0 20112353 3 1
203391 Chr5 Chr5_21041671 0 21041671 18 17
204761 Chr5 Chr5_21697730 0 21697730 6 5
206419 Chr5 Chr5_22625167 0 22625167 9 8
209653 Chr5 Chr5_24456951 0 24456951 331 330
